00010001000100000000000000000101
00010001001000000000000000001010
00100010001100010010000000000000
00100011010000100001000000000000
00100000010100010000000000000000
00100110011000100000000000000000
00100001011101010000000000000000
00001001000100010000000000000000
00001000100000010000000000000000
00000000000000000000000000000000
00010010000000000000011000000000
00110010001100110000000000000001
00000011000000000000011100000000
00000001000000000000001111000000
00110010001100110000000000000001
00110011010001000000000000010100
00000110000000000000010111000000
00001001001100010000000000000010
00100010001100110100000000000000
00001000010100010000000000000010
00110011010101010000000000010100
00000111000000000000010111000000
00110010010101010000000000000001
11111111111111111111111111111111
00010001000100000000000000000001
00110011000100010000000000000001
00000001000000000000011100000000
00010011000000000000000000000000
11111111111111111111111111111111
